25
7
(())())
1 2 4 2 3 3 1
3 1 4 1 5 9 2
3
)))
3 3 3
1 2 3
2
()
1 1
6 4
2
()
2 2
4 8
2
()
1 2
7 5
1
(
1
1337
1
)
1
56349
10
(())(())))
1 1 1 1 1 1 1 1 1 1
2 7 1 9 5 4 5 6 3 9
10
((()))()()
1 2 2 1 1 2 2 2 2 1
8 8 4 2 8 2 7 9 3 7
10
)))(((()()
4 7 9 3 5 8 3 4 7 10
89 73 67 33 79 42 89 44 35 94
50
()(()((((())(()()))())(((()((()()(()()())))()(((()
1 1 1 1 1 1 1 1 1 1 1 1 1 1 1 1 1 1 1 1 1 1 1 1 1 1 1 1 1 1 1 1 1 1 1 1 1 1 1 1 1 1 1 1 1 1 1 1 1 1
46 87 2 87 99 67 84 78 68 46 34 34 91 1 90 55 45 2 2 12 2 77 68 82 75 88 13 27 62 53 59 14 47 7 83 56 87 88 1 97 77 84 47 55 25 36 43 7 26 86
50
)(((()()())(((()))())))()(((()))))()()))())()()(((
2 1 2 2 1 1 2 2 1 1 1 2 1 1 2 2 1 1 1 1 1 1 1 1 2 1 1 2 2 2 1 1 2 1 2 2 2 1 2 1 2 1 1 1 1 1 2 1 1 2
14 3 15 37 5 9 11 21 18 27 20 19 8 11 32 10 4 2 15 31 5 5 35 48 9 27 44 10 44 47 17 7 19 43 12 40 8 32 2 45 28 28 34 14 1 15 29 36 25 37
50
())((()))))((()(()()))(()((())(((()))((((((((()(()
48 38 28 21 15 13 11 18 6 2 43 34 11 21 43 40 8 28 7 46 18 17 34 41 46 19 7 4 25 26 21 45 7 50 20 13 7 25 42 6 33 20 27 9 38 48 39 45 38 18
720 653 3 850 169 754 226 944 335 896 659 565 208 868 695 940 68 568 442 260 823 215 692 193 97 345 842 758 964 54 824 344 38 893 904 73 280 371 176 309 34 91 210 342 333 403 696 231 660 136
400
((((((((((((((((((((((((((((((((((((((((((((((((((((((((((((((((((((((((((((((((((((((((((((((((((((((((((((((((((((((((((((((((((((((((((((((((((((((((((((((((((((((((((((((((((((((((((((((((((((((((((((((((((((((((((((((((((((((((((((((((((((((((((((((((((((((((((((((((((((((((((((((((((((((((((((((((((((((((((((((((((((((((((((((((((((((((((((((((((((((((((((((((((((((((((((((((((((((((((((((((
1 1 1 1 1 1 1 1 1 1 1 1 1 1 1 1 1 1 1 1 1 1 1 1 1 1 1 1 1 1 1 1 1 1 1 1 1 1 1 1 1 1 1 1 1 1 1 1 1 1 1 1 1 1 1 1 1 1 1 1 1 1 1 1 1 1 1 1 1 1 1 1 1 1 1 1 1 1 1 1 1 1 1 1 1 1 1 1 1 1 1 1 1 1 1 1 1 1 1 1 1 1 1 1 1 1 1 1 1 1 1 1 1 1 1 1 1 1 1 1 1 1 1 1 1 1 1 1 1 1 1 1 1 1 1 1 1 1 1 1 1 1 1 1 1 1 1 1 1 1 1 1 1 1 1 1 1 1 1 1 1 1 1 1 1 1 1 1 1 1 1 1 1 1 1 1 1 1 1 1 1 1 1 1 1 1 1 1 1 1 1 1 1 1 1 1 1 1 1 1 1 1 1 1 1 1 1 1 1 1 1 1 1 1 1 1 1 1 1 1 1 1 1 1 1 1 1 1 1 1 1 1 1 1 1 1 1 1 1 1 1 1 1 1 1 1 1 1 1 1 1 1 1 1 1 1 1 1 1 1 1 1 1 1 1 1 1 1 1 1 1 1 1 1 1 1 1 1 1 1 1 1 1 1 1 1 1 1 1 1 1 1 1 1 1 1 1 1 1 1 1 1 1 1 1 1 1 1 1 1 1 1 1 1 1 1 1 1 1 1 1 1 1 1 1 1 1 1 1 1 1 1 1 1 1 1 1 1 1 1 1 1 1 1 1 1 1 1 1 1 1 1 1 1 1 1 1 1 1 1 1 1 1 1 1 1 1 1 1 1 1 1 1 1 1 1 1 1 1 1 1 1 1 1 1 1 1 1 1 1 1 1 1 1 1 1 1 1 1 1
1000000 1000000 1000000 1000000 1000000 1000000 1000000 1000000 1000000 1000000 1000000 1000000 1000000 1000000 1000000 1000000 1000000 1000000 1000000 1000000 1000000 1000000 1000000 1000000 1000000 1000000 1000000 1000000 1000000 1000000 1000000 1000000 1000000 1000000 1000000 1000000 1000000 1000000 1000000 1000000 1000000 1000000 1000000 1000000 1000000 1000000 1000000 1000000 1000000 1000000 1000000 1000000 1000000 1000000 1000000 1000000 1000000 1000000 1000000 1000000 1000000 1000000 1000000 1000000 1000000 1000000 1000000 1000000 1000000 1000000 1000000 1000000 1000000 1000000 1000000 1000000 1000000 1000000 1000000 1000000 1000000 1000000 1000000 1000000 1000000 1000000 1000000 1000000 1000000 1000000 1000000 1000000 1000000 1000000 1000000 1000000 1000000 1000000 1000000 1000000 1000000 1000000 1000000 1000000 1000000 1000000 1000000 1000000 1000000 1000000 1000000 1000000 1000000 1000000 1000000 1000000 1000000 1000000 1000000 1000000 1000000 1000000 1000000 1000000 1000000 1000000 1000000 1000000 1000000 1000000 1000000 1000000 1000000 1000000 1000000 1000000 1000000 1000000 1000000 1000000 1000000 1000000 1000000 1000000 1000000 1000000 1000000 1000000 1000000 1000000 1000000 1000000 1000000 1000000 1000000 1000000 1000000 1000000 1000000 1000000 1000000 1000000 1000000 1000000 1000000 1000000 1000000 1000000 1000000 1000000 1000000 1000000 1000000 1000000 1000000 1000000 1000000 1000000 1000000 1000000 1000000 1000000 1000000 1000000 1000000 1000000 1000000 1000000 1000000 1000000 1000000 1000000 1000000 1000000 1000000 1000000 1000000 1000000 1000000 1000000 1000000 1000000 1000000 1000000 1000000 1000000 1000000 1000000 1000000 1000000 1000000 1000000 1000000 1000000 1000000 1000000 1000000 1000000 1000000 1000000 1000000 1000000 1000000 1000000 1000000 1000000 1000000 1000000 1000000 1000000 1000000 1000000 1000000 1000000 1000000 1000000 1000000 1000000 1000000 1000000 1000000 1000000 1000000 1000000 1000000 1000000 1000000 1000000 1000000 1000000 1000000 1000000 1000000 1000000 1000000 1000000 1000000 1000000 1000000 1000000 1000000 1000000 1000000 1000000 1000000 1000000 1000000 1000000 1000000 1000000 1000000 1000000 1000000 1000000 1000000 1000000 1000000 1000000 1000000 1000000 1000000 1000000 1000000 1000000 1000000 1000000 1000000 1000000 1000000 1000000 1000000 1000000 1000000 1000000 1000000 1000000 1000000 1000000 1000000 1000000 1000000 1000000 1000000 1000000 1000000 1000000 1000000 1000000 1000000 1000000 1000000 1000000 1000000 1000000 1000000 1000000 1000000 1000000 1000000 1000000 1000000 1000000 1000000 1000000 1000000 1000000 1000000 1000000 1000000 1000000 1000000 1000000 1000000 1000000 1000000 1000000 1000000 1000000 1000000 1000000 1000000 1000000 1000000 1000000 1000000 1000000 1000000 1000000 1000000 1000000 1000000 1000000 1000000 1000000 1000000 1000000 1000000 1000000 1000000 1000000 1000000 1000000 1000000 1000000 1000000 1000000 1000000 1000000 1000000 1000000 1000000 1000000 1000000 1000000 1000000 1000000 1000000 1000000 1000000 1000000 1000000 1000000 1000000 1000000 1000000 1000000 1000000 1000000 1000000 1000000 1000000 1000000 1000000 1000000 1000000 1000000 1000000 1000000 1000000 1000000
400
))))))))))))))))))))))))))))))))))))))))))))))))))))))))))))))))))))))))))))))))))))))))))))))))))))))))))))))))))))))))))))))))))))))))))))))))))))))))))))))))))))))))))))))))))))))))))))))))))))))))))))))))))))))))))))))))))))))))))))))))))))))))))))))))))))))))))))))))))))))))))))))))))))))))))))))))))))))))))))))))))))))))))))))))))))))))))))))))))))))))))))))))))))))))))))))))))))))))))))))))
1 1 1 1 1 1 1 1 1 1 1 1 1 1 1 1 1 1 1 1 1 1 1 1 1 1 1 1 1 1 1 1 1 1 1 1 1 1 1 1 1 1 1 1 1 1 1 1 1 1 1 1 1 1 1 1 1 1 1 1 1 1 1 1 1 1 1 1 1 1 1 1 1 1 1 1 1 1 1 1 1 1 1 1 1 1 1 1 1 1 1 1 1 1 1 1 1 1 1 1 1 1 1 1 1 1 1 1 1 1 1 1 1 1 1 1 1 1 1 1 1 1 1 1 1 1 1 1 1 1 1 1 1 1 1 1 1 1 1 1 1 1 1 1 1 1 1 1 1 1 1 1 1 1 1 1 1 1 1 1 1 1 1 1 1 1 1 1 1 1 1 1 1 1 1 1 1 1 1 1 1 1 1 1 1 1 1 1 1 1 1 1 1 1 1 1 1 1 1 1 1 1 1 1 1 1 1 1 1 1 1 1 1 1 1 1 1 1 1 1 1 1 1 1 1 1 1 1 1 1 1 1 1 1 1 1 1 1 1 1 1 1 1 1 1 1 1 1 1 1 1 1 1 1 1 1 1 1 1 1 1 1 1 1 1 1 1 1 1 1 1 1 1 1 1 1 1 1 1 1 1 1 1 1 1 1 1 1 1 1 1 1 1 1 1 1 1 1 1 1 1 1 1 1 1 1 1 1 1 1 1 1 1 1 1 1 1 1 1 1 1 1 1 1 1 1 1 1 1 1 1 1 1 1 1 1 1 1 1 1 1 1 1 1 1 1 1 1 1 1 1 1 1 1 1 1 1 1 1 1 1 1 1 1 1 1 1 1 1 1 1 1 1 1 1 1 1 1 1 1 1 1 1 1 1 1 1 1 1 1 1 1 1 1 1 1 1 1 1 1
1000000 1000000 1000000 1000000 1000000 1000000 1000000 1000000 1000000 1000000 1000000 1000000 1000000 1000000 1000000 1000000 1000000 1000000 1000000 1000000 1000000 1000000 1000000 1000000 1000000 1000000 1000000 1000000 1000000 1000000 1000000 1000000 1000000 1000000 1000000 1000000 1000000 1000000 1000000 1000000 1000000 1000000 1000000 1000000 1000000 1000000 1000000 1000000 1000000 1000000 1000000 1000000 1000000 1000000 1000000 1000000 1000000 1000000 1000000 1000000 1000000 1000000 1000000 1000000 1000000 1000000 1000000 1000000 1000000 1000000 1000000 1000000 1000000 1000000 1000000 1000000 1000000 1000000 1000000 1000000 1000000 1000000 1000000 1000000 1000000 1000000 1000000 1000000 1000000 1000000 1000000 1000000 1000000 1000000 1000000 1000000 1000000 1000000 1000000 1000000 1000000 1000000 1000000 1000000 1000000 1000000 1000000 1000000 1000000 1000000 1000000 1000000 1000000 1000000 1000000 1000000 1000000 1000000 1000000 1000000 1000000 1000000 1000000 1000000 1000000 1000000 1000000 1000000 1000000 1000000 1000000 1000000 1000000 1000000 1000000 1000000 1000000 1000000 1000000 1000000 1000000 1000000 1000000 1000000 1000000 1000000 1000000 1000000 1000000 1000000 1000000 1000000 1000000 1000000 1000000 1000000 1000000 1000000 1000000 1000000 1000000 1000000 1000000 1000000 1000000 1000000 1000000 1000000 1000000 1000000 1000000 1000000 1000000 1000000 1000000 1000000 1000000 1000000 1000000 1000000 1000000 1000000 1000000 1000000 1000000 1000000 1000000 1000000 1000000 1000000 1000000 1000000 1000000 1000000 1000000 1000000 1000000 1000000 1000000 1000000 1000000 1000000 1000000 1000000 1000000 1000000 1000000 1000000 1000000 1000000 1000000 1000000 1000000 1000000 1000000 1000000 1000000 1000000 1000000 1000000 1000000 1000000 1000000 1000000 1000000 1000000 1000000 1000000 1000000 1000000 1000000 1000000 1000000 1000000 1000000 1000000 1000000 1000000 1000000 1000000 1000000 1000000 1000000 1000000 1000000 1000000 1000000 1000000 1000000 1000000 1000000 1000000 1000000 1000000 1000000 1000000 1000000 1000000 1000000 1000000 1000000 1000000 1000000 1000000 1000000 1000000 1000000 1000000 1000000 1000000 1000000 1000000 1000000 1000000 1000000 1000000 1000000 1000000 1000000 1000000 1000000 1000000 1000000 1000000 1000000 1000000 1000000 1000000 1000000 1000000 1000000 1000000 1000000 1000000 1000000 1000000 1000000 1000000 1000000 1000000 1000000 1000000 1000000 1000000 1000000 1000000 1000000 1000000 1000000 1000000 1000000 1000000 1000000 1000000 1000000 1000000 1000000 1000000 1000000 1000000 1000000 1000000 1000000 1000000 1000000 1000000 1000000 1000000 1000000 1000000 1000000 1000000 1000000 1000000 1000000 1000000 1000000 1000000 1000000 1000000 1000000 1000000 1000000 1000000 1000000 1000000 1000000 1000000 1000000 1000000 1000000 1000000 1000000 1000000 1000000 1000000 1000000 1000000 1000000 1000000 1000000 1000000 1000000 1000000 1000000 1000000 1000000 1000000 1000000 1000000 1000000 1000000 1000000 1000000 1000000 1000000 1000000 1000000 1000000 1000000 1000000 1000000 1000000 1000000 1000000 1000000 1000000 1000000 1000000 1000000 1000000 1000000 1000000 1000000 1000000 1000000 1000000 1000000 1000000 1000000
117
())()(()(()((())()())()))((()))(((())()))(((()()))()())((()()(()))())())(()))))((()(())))())(((()))((()(()))(()()()()
2 1 1 2 1 2 2 1 1 2 1 2 2 1 2 2 2 1 1 2 1 1 2 2 2 1 2 2 1 2 1 2 1 2 2 2 2 2 2 1 1 1 1 2 1 2 2 2 2 1 1 1 1 2 2 1 1 1 2 2 2 1 1 1 2 2 1 2 1 1 1 1 1 1 1 2 1 1 1 1 2 2 2 1 2 1 1 2 2 1 1 1 1 1 1 2 1 1 1 2 2 2 2 1 2 1 2 1 2 2 1 1 2 2 2 2 1
408542 127927 744635 418714 918649 109960 422535 642162 336342 381558 936252 623004 965733 505756 403386 446028 644348 549492 231041 83791 175504 763920 516316 70336 38293 293351 648088 347646 779054 727450 702326 974706 805921 945823 411843 820071 406938 242209 772127 296065 620704 7461 769528 774227 22638 752018 859900 83100 115488 450426 691460 594325 284668 486370 379012 994905 902519 254117 310411 227996 501237 896317 314493 286279 998696 936291 275638 466166 811073 405458 35702 851517 711624 153636 517005 25672 371589 824563 701270 188729 416330 917902 361426 273897 93762 48949 799444 991646 362713 509164 96807 111829 354960 805490 355914 777396 959701 662001 877909 809560 135990 198715 963070 816900 354483 986530 408735 377795 664517 34650 988897 379956 840464 943614 17898 643885 557312
314
()()))(((()((())())()())(()))(())()()(()()))(())((((())()(((()))))((()()(()())()(((()()()((((())())())))()()(((()(())())()))((())(()()(()()()((())))())(()((())((()))))((()(((())(()()((()()()())())))((()()()(()()()))()((())))(())))))))))())())))(())((())())))(())))()())((())))()))(())((())))))((())))((((()(()))(((
1 2 1 1 1 2 1 1 2 1 1 1 2 2 2 2 1 1 2 2 2 1 2 2 1 1 1 1 2 2 2 1 2 2 2 1 1 1 1 1 2 2 1 1 2 2 2 1 2 2 2 1 2 2 2 2 2 1 2 1 2 2 2 1 1 1 2 2 1 1 2 2 2 2 1 2 1 1 2 1 1 2 2 2 1 1 1 1 1 2 2 1 1 2 1 1 2 2 2 2 1 1 2 2 2 2 1 2 1 2 1 2 1 2 2 2 2 2 2 1 2 1 2 2 2 1 1 2 1 2 1 2 1 2 2 1 1 2 1 2 2 2 2 2 1 2 2 1 2 1 2 2 2 1 1 2 2 1 1 2 2 1 2 2 1 1 2 1 2 1 2 1 1 1 1 2 2 2 2 1 2 2 2 2 1 1 1 2 1 2 2 2 2 2 1 2 2 2 1 2 2 2 2 1 1 2 2 2 1 1 2 1 2 1 1 2 2 1 2 2 2 2 1 1 1 1 2 1 2 2 1 1 1 1 2 1 2 2 2 1 1 2 1 1 2 1 1 1 2 2 2 2 2 1 2 1 1 1 2 1 2 1 1 1 1 2 1 1 2 1 1 1 1 1 2 2 1 1 1 2 2 1 2 1 2 2 2 2 2 2 1 2 2 1 1 2 2 2 1 2 2 1 2 2 1 2 2 2 1 2 2 2 1 1
267846 263567 278915 262998 296720 280210 917385 777701 930513 191214 314906 418022 60423 314004 203405 69187 346078 454726 660509 154889 151797 601390 410922 121255 66465 71831 114276 678170 682022 278688 163407 981139 517980 76567 871635 740707 659579 653258 478891 240580 917868 66129 384803 444828 755367 941399 839164 399447 727131 671309 441009 363496 75911 184057 548965 503610 122923 64102 554161 792401 945562 434464 921761 362024 886954 48403 784909 108927 693890 786030 382873 64186 815434 413535 752718 487410 846229 479147 804448 632442 359373 392760 239357 423842 351675 274220 691938 241559 712606 923546 852167 565121 778495 989324 127986 621911 4494 485287 124247 52416 348104 111477 790284 2300 201998 833208 76614 412207 391550 361413 506378 876058 517415 996680 262357 830616 51021 204622 102938 695379 165009 759707 581493 372672 736407 253680 663382 178625 273647 907715 455289 864491 493372 228095 773946 878462 828572 936341 554070 41359 209727 637782 305931 777327 30199 721010 462867 499410 130252 733508 205121 926828 176576 714866 395252 255006 135928 95748 312122 99004 40971 683983 609220 212867 656871 717660 879121 350476 405545 188853 138184 465341 916984 274560 991655 754321 815278 30462 852979 639473 448531 67922 232463 996926 26173 294579 191640 780893 962262 552401 377654 609883 712570 829927 746579 551432 508819 547720 6413 636958 219706 636706 146524 281418 358367 439659 374817 340149 164034 977251 880324 454227 79611 213669 761319 631328 668068 793562 62885 211909 844891 325463 479022 497432 155415 908860 400507 532458 598208 940680 62988 621947 828507 113737 864323 932061 144387 17380 395010 524025 1364 472874 751654 694782 446268 86632 838824 324026 143126 386014 579647 95962 565643 581791 327502 570033 135774 695782 515463 187799 653256 413820 291495 906502 292671 702647 522496 564554 415063 127586 782217 443239 926984 337328 645174 994540 682588 21399 952569 121327 678875 91182 509621 141272 26357 71562 185858 711466 584367 379413 459113 660277 498409 779890 260927 110064 573896 657492 339880 670598 251857 372842 947203 178436 258093 888019 909625 922171 334635 63174 969996 622356 139817 43713
118
)((()()))(())(()))()()))())(()))(((((((()))(()(()()((((()))(()(()())((()(()(()))()(()(()()()())()(())((((())(((())())(
1 2 2 1 1 1 2 2 1 2 2 2 2 2 2 2 1 1 1 1 2 2 1 1 1 2 1 1 1 2 1 2 1 1 1 1 2 1 2 1 1 1 1 2 2 1 2 2 2 1 2 2 1 1 1 2 1 1 1 2 2 1 2 1 2 1 1 1 2 2 2 2 2 1 1 1 2 2 2 1 1 1 2 2 2 2 1 2 2 2 1 1 1 2 2 1 2 1 2 1 2 1 2 2 2 1 1 1 1 1 2 1 1 2 2 1 1 1
906603 234390 743771 641392 411124 503977 637329 484236 597148 914776 527310 127000 59413 585051 713209 528118 441830 620500 263984 257168 409636 450381 15871 710755 518469 462469 909271 322015 713104 338268 727629 447061 595858 945925 339133 105411 530035 763681 806336 62694 362651 618208 190040 216027 137876 964720 637440 429020 183871 159768 322179 126951 68395 708773 352639 580216 225730 447899 479758 96285 402835 250622 278143 394528 807130 516847 977942 56917 124455 764710 909746 462251 54953 170047 488890 130189 971561 736697 372669 150819 240708 694847 607569 68808 43850 400066 97634 391824 69370 741787 274599 756691 385212 411846 265453 913274 474120 759648 723786 826324 50641 543835 390270 129436 637152 589434 879859 178245 541196 772517 327139 940618 176064 469872 841990 809749 322774 39989
366
)(())((()()()))()())()()(()(((()))())(()())()()())))(()()())(((()()))((((())(())()))))(((()))())))()))(((((())(()()(())((())((()(())()())(()((((()))(((()()())(()(()()))((()()()(())))()())(())((((()))(()))(()((())))()((()))())())(()())))(()()))())))))((()))()((((()(()))())(())()())((((()))((())))(()()()((()))()()()()((()())()())(())()(((())))(()((((((((())))(())))(
1 1 1 2 2 1 1 1 2 2 2 1 2 1 1 1 2 1 2 2 2 2 2 2 2 2 2 2 1 1 1 1 1 2 1 2 2 2 2 2 2 1 1 1 1 2 1 1 1 1 1 2 1 1 2 1 1 2 2 2 1 2 1 1 1 2 2 2 2 2 2 1 1 1 2 2 2 1 1 1 1 1 2 1 1 2 2 2 1 1 1 2 2 2 1 1 1 2 1 2 2 2 2 1 2 1 2 2 2 1 1 2 2 2 2 2 1 2 2 2 2 2 1 1 1 2 2 2 2 2 2 1 2 2 2 2 2 1 2 1 1 1 2 2 1 1 2 1 1 2 2 2 1 2 1 2 2 1 2 2 2 2 1 2 1 2 1 2 2 1 1 1 1 2 1 1 2 2 1 2 2 2 1 1 2 1 2 2 1 1 2 1 1 1 1 2 1 1 2 2 2 2 1 2 1 1 2 1 1 1 1 1 2 1 1 1 1 2 2 1 1 2 2 2 2 1 2 1 2 1 1 2 1 1 2 1 1 2 1 1 1 1 1 1 1 1 1 1 2 2 1 2 1 2 1 1 2 1 1 1 2 2 1 1 2 1 1 1 2 2 1 1 1 1 2 1 2 1 2 2 2 1 1 1 1 2 1 1 1 2 1 2 2 1 1 1 1 1 1 2 2 1 2 1 2 1 2 1 1 2 1 2 2 1 1 1 2 1 2 1 1 1 2 2 2 1 1 2 2 2 1 2 1 1 2 2 1 2 2 1 1 2 1 1 2 1 1 1 1 2 2 1 1 1 2 1 1 1 1 2 2 2 1 2 1 2
604638 767811 140363 501485 108483 504839 249812 569182 915297 255111 490565 369874 754767 785077 517852 505395 155515 204027 589663 382501 534389 449010 195146 788939 201187 939859 51375 572017 930559 253343 117994 534927 282348 716559 406978 286943 172905 650719 350567 110149 624315 25797 318537 971596 434989 158085 12784 836283 891000 596463 310288 906986 340670 774852 541505 614897 420690 54701 155458 641954 56471 821809 627475 880331 800628 24693 649618 327970 398191 868658 166372 976752 898366 744839 58009 930529 837145 425814 920198 678651 132518 144499 913985 773440 274763 940707 856425 847647 537989 524701 652240 656409 437189 996451 357689 608486 419087 191145 404500 553226 464149 688222 634897 499114 763946 479916 816163 181608 261237 996595 268378 813738 412517 473074 847999 202456 568137 827209 6616 973003 181668 999972 245360 531841 414026 130528 10063 431445 528094 848508 785660 511094 276265 877245 548130 268116 191129 733087 734724 926364 576561 390964 351696 491432 993721 924554 942449 133529 969458 235230 380181 510779 170641 874551 648748 117308 837386 855776 87990 756153 691761 252255 699211 103898 3954 436099 521126 971120 407316 970676 324667 337235 290423 631907 782649 993480 868159 265368 976732 362070 648226 447266 291853 499685 672733 718129 159536 180397 568917 26608 242704 932220 776466 207953 676246 53908 892740 479026 850589 292724 824669 433648 313117 550011 117064 28481 965665 811799 956505 526161 519955 589407 431101 238328 737947 294473 605899 875124 549058 113704 188599 235263 335259 769079 195543 331885 845036 721957 350073 725743 193644 458401 183088 298234 896437 781775 504162 827075 169171 506237 641494 588612 475662 406211 778941 625194 456967 497391 46814 398218 54387 660360 425502 893140 355436 784756 75473 735990 4998 674965 609786 208637 203883 470695 676949 190465 309708 657414 282061 852585 479750 5137 464909 857660 315616 384516 272252 711173 697832 190569 395742 10911 670364 117206 523044 789916 666000 182021 161541 443526 226122 167051 720972 811308 660814 324404 631866 689467 569809 719264 884738 22328 339759 439035 101746 452836 611578 730438 328615 507410 13351 233508 493020 75749 49343 901752 149268 866760 545335 135726 41359 423603 469820 372273 910803 375752 323744 659454 622622 302307 652545 175745 950045 535691 81483 288162 533951 787613 32706 643918 731857 875464 316981 595678 277625 113453 833525 285101 588808 680950 23452 278887 771487 287266 396059 549924 947158 693875 621344 249104 799087 450431 406115 27417 395302 136308
212
()(()(((())(()(())()))())()()(()(())((()())()(((((((()()))))(()()))(((())(())()())))((()))()())))(()()()())()((())())(())()()((()))))(()(())))(((((()((())()()))(()()()()))))((()((())()()(()((())()))(())(())(()(()
1 1 1 1 2 2 2 2 2 1 1 2 1 2 2 2 1 2 1 2 2 2 1 1 1 1 2 1 1 2 2 2 2 1 1 1 2 2 2 1 2 1 2 1 2 1 2 2 1 2 2 2 2 1 1 2 1 1 2 1 2 1 2 1 1 2 1 2 2 1 2 1 1 1 1 2 1 1 2 1 1 2 1 1 1 2 2 1 2 2 2 2 2 2 1 1 1 2 1 1 2 1 2 1 2 1 1 1 1 1 1 2 1 2 2 2 2 1 1 1 1 2 1 2 2 1 2 1 2 1 2 2 1 1 1 2 2 2 1 2 2 2 1 1 1 1 2 2 2 2 2 1 1 1 1 1 2 2 2 1 1 1 1 1 2 2 2 1 1 2 2 2 2 1 1 2 1 1 2 2 2 2 1 2 2 2 2 2 2 2 2 1 1 2 1 1 2 1 2 1 1 2 1 2 1 1 1 1 1 2 1 2
933781 847866 570322 643470 26827 581487 793387 915269 943402 44075 896683 281969 280960 268430 223672 717627 786123 19536 944042 947192 772419 437070 795628 526704 76854 542153 966635 575646 661442 702254 170385 761033 547053 629522 528837 44281 727763 322951 295407 134347 904156 644729 875665 349865 979592 76419 680258 125098 999027 606118 23963 196357 178267 481748 195204 162374 759597 539910 951972 941536 991170 75969 915865 470160 436711 194633 466267 564814 154461 909106 55874 34481 400224 189917 659051 773809 760248 717394 659057 679309 178381 812350 176565 504169 548662 141441 340299 101479 110949 542519 500924 542880 494498 545378 145331 89549 486657 384877 891 333408 380327 268610 253899 853670 212764 526124 48296 992723 251897 217346 495678 346617 14671 243485 551003 212561 712718 731217 819256 483597 625822 926009 862074 82221 53291 456346 945258 316130 495009 59726 621657 316493 69441 754346 148323 361640 713321 449217 526553 305525 152325 552390 42740 948138 188777 85287 751776 522330 678311 810841 446860 66752 816672 504606 970648 527122 679627 232060 621151 594369 130481 938707 447083 112237 870366 459195 171850 427746 313736 531392 857310 343794 797702 241442 913610 940639 150311 11679 330369 807846 785262 34316 711155 306585 120682 379895 806281 61152 921917 629682 108670 888321 431048 229965 141793 677687 672476 904182 698095 773851 175436 543150 943348 466356 532238 152237 568678 897560 713871 561519 813150 530341
165
)())(())()))))())))(((((())()(((()(())()(()))(()((((())()))(()))))))(())())()))(()))))(()(()())())()))())))()()())(()()(((()))))()()(())))(()))))()())())(((()())))((
1 1 1 1 1 1 1 1 1 1 1 1 1 1 1 1 1 1 1 1 1 1 1 1 1 1 1 1 1 1 1 1 1 1 1 1 1 1 1 1 1 1 1 1 1 1 1 1 1 1 1 1 1 1 1 1 1 1 1 1 1 1 1 1 1 1 1 1 1 1 1 1 1 1 1 1 1 1 1 1 1 1 1 1 1 1 1 1 1 1 1 1 1 1 1 1 1 1 1 1 1 1 1 1 1 1 1 1 1 1 1 1 1 1 1 1 1 1 1 1 1 1 1 1 1 1 1 1 1 1 1 1 1 1 1 1 1 1 1 1 1 1 1 1 1 1 1 1 1 1 1 1 1 1 1 1 1 1 1 1 1 1 1 1 1
417561 93572 152211 337363 417103 663788 37241 390833 642378 793167 106325 961536 436749 836989 551537 862968 772977 934329 473769 553390 516852 31391 922884 228836 388935 810109 962350 881679 36295 339150 366702 455999 166158 279388 273170 611274 912647 755946 516319 499320 71637 629661 215045 634489 123182 809562 457002 957696 460463 733388 808129 271504 932331 557625 710589 19051 36575 337236 945276 194982 789321 292723 6227 414772 171945 532321 11399 917697 153324 426485 71599 238350 217911 476509 996018 407643 123023 598366 443955 621449 110109 943506 281447 422594 369989 984826 917983 369158 556651 695704 546781 681530 157292 74127 151082 487607 463904 509323 798844 418360 596673 818278 577627 422338 803589 647291 124677 939455 953706 70582 595359 688239 170239 503656 470145 691827 116418 400410 569141 228643 291245 212788 476780 685428 368628 121154 375683 222874 355058 218977 732068 579716 63136 468541 675906 337058 395147 62050 966078 954684 344389 153773 806572 948795 478688 355064 385904 230459 564665 162150 594683 779570 435595 625695 838596 211439 389295 130398 589690 772904 498516 169916 952017 926232 181705
190
)))()))))()()))(((()))()(()(())(((((()())()())()()(()(((())(())((()())()((((()(((()()))()))()(()()()()()()())((((())()))))))))(())))))(()(()))())()()))(()())))(())))))()()())())))))(()))))()
85 155 174 145 40 31 117 31 23 96 5 91 160 158 54 63 177 102 139 184 29 104 91 140 31 91 66 99 34 160 136 26 108 37 115 175 156 149 181 24 136 9 86 49 142 18 177 66 162 123 24 135 132 112 7 28 184 43 120 33 5 16 157 163 134 133 13 68 16 188 173 55 23 143 154 129 138 61 28 127 125 7 23 26 70 50 86 166 163 160 75 160 153 139 70 3 165 53 87 33 132 74 164 69 175 99 183 10 37 100 166 88 63 84 107 153 117 80 137 36 141 19 16 23 123 129 91 50 52 105 55 19 110 74 46 11 86 111 142 187 143 73 63 58 73 87 151 52 101 136 109 62 142 40 138 125 135 17 131 67 138 22 139 26 112 68 65 69 20 50 154 173 136 120 113 178 64 25 44 120 67 159 156 177 25 21 95 35 1 34
802980 452483 253979 319436 284041 36657 619977 170207 963815 57320 334393 872374 555607 753021 183713 339245 932021 855175 549611 543238 528175 143354 367302 708040 824230 523831 566177 7323 581725 694848 803001 233477 789872 967468 617666 907455 345292 522083 299139 877538 408251 946465 569013 566325 485854 570708 827247 136540 155960 304296 721302 311108 930548 781017 357159 834214 228363 399551 887710 367218 699785 570159 884494 628053 214573 270272 902999 14707 950198 701850 773849 943460 15227 387004 463467 325165 172566 175306 717928 994839 990236 924392 49736 349036 358692 974800 342466 786797 772267 636516 715539 497747 42204 806346 131816 26765 555284 529054 527618 987537 639338 485911 25155 244535 424861 901350 967319 795636 515307 631576 834242 561355 631520 933976 600756 885928 528008 95535 852528 135397 298657 549909 69222 370366 854568 801170 884702 853885 659890 703316 385034 676524 957485 732488 658151 394753 20891 278452 511244 574441 444492 808367 163028 639499 868879 123509 617305 385411 467369 814419 471044 966725 120979 31403 696840 544651 427596 241275 794966 643437 669783 777092 728658 961682 346440 397771 49632 384682 937384 403692 400946 701803 702312 348732 899886 520674 935144 723680 190211 839756 559309 697617 509116 248228 897349 258708 370904 510599 10646 740477
151
)((()()))()((()()())))((())(((()((()(((())))(())))((()((()))))()(((((((())(((())))()(())))((()))()(((())()((()())(((())()(()))))())()((()))(())(()())()
2 1 1 1 2 2 2 2 1 2 2 2 2 2 1 1 1 2 2 2 1 2 1 1 2 2 1 2 1 1 1 2 2 2 1 2 1 2 1 1 2 2 1 1 2 2 1 2 2 2 2 2 2 1 2 2 1 1 2 2 2 2 2 2 2 2 1 2 1 1 2 1 1 1 1 1 1 1 1 1 1 2 1 1 2 1 2 1 2 1 1 1 2 2 2 1 1 1 1 2 1 1 1 2 2 1 1 1 1 1 2 1 1 2 2 2 2 2 2 2 1 2 2 1 1 1 1 1 1 1 1 1 1 1 1 2 2 2 1 2 2 2 2 2 1 2 1 1 2 2 1
523345 228117 695595 301275 924057 55253 813888 524497 772555 851605 651612 884787 340496 819358 665497 74020 245534 173093 140384 877548 724799 932553 975689 530798 44043 501718 935198 915831 161380 58128 557202 219483 76924 587737 283886 574836 224248 799686 527102 708339 31758 542037 168400 443036 79411 92552 290164 771325 436320 121792 550551 134992 601497 134791 610372 305999 467345 171381 931220 792407 288748 196228 400589 792873 346012 314970 282163 400162 236061 97114 321845 298069 947433 771587 474893 163459 692697 469690 323741 447324 198362 961380 838536 729226 85320 176980 645241 663313 273722 489501 782659 75584 812503 801368 580361 308125 455043 330014 911754 458713 644063 2206 92521 527111 889210 235471 635930 733455 189416 191297 317473 362157 767094 648689 411148 541371 338020 648312 208900 356584 163190 295374 500840 301289 143936 171685 506567 568209 785554 607314 530054 200102 808413 292302 837658 837242 776641 137077 309435 436500 603713 475942 389091 835669 115612 487020 900452 407548 161819 542776 508006
375
()(()()()))))(()())()()(()))((())))))))()(()))(()(()))))((()()(()()())(()))((())(()()()))())()(()(()))(()(())))((((()(()))))()))(()()())))))()()))())((((()(()(()(()()((()(((())(((((((())()))(()))))()))((())(()()()(((()(())(()(((()))((((()()())(((()()((()(()())()()))(()))(((()()))()()()))))((()()))()))))()))(()))())((())((((()))()(()))(()(()())))())))((()()())()(((()(()))((
150 308 280 161 155 45 38 343 320 12 38 244 367 329 272 261 100 366 232 222 137 256 220 104 15 227 330 253 56 193 266 287 163 332 33 217 207 349 246 180 69 113 229 44 252 29 276 42 16 154 235 232 127 334 322 252 211 50 248 45 102 263 366 48 374 121 142 286 25 348 100 335 147 145 321 328 152 238 361 108 45 5 297 89 112 244 95 24 273 298 106 341 55 20 347 181 293 137 208 178 117 54 214 171 221 277 14 160 193 198 351 79 251 9 119 256 124 58 375 243 287 36 127 51 21 331 338 163 112 252 298 8 263 28 339 173 248 99 32 343 153 195 174 132 359 182 159 193 334 49 36 231 368 246 264 169 216 152 10 32 5 118 342 147 270 4 227 361 113 277 179 308 226 79 41 78 87 325 222 114 101 64 8 212 28 264 229 126 92 99 205 356 47 331 304 94 208 337 294 40 327 197 350 187 40 213 308 28 110 99 136 65 73 332 7 63 159 286 271 227 91 117 364 278 292 196 247 277 273 5 31 255 216 127 143 41 229 198 169 100 92 204 140 244 323 336 79 193 231 281 51 8 149 23 206 75 99 46 213 245 346 329 2 362 242 157 103 375 82 198 370 222 155 56 333 40 317 233 111 188 159 330 2 242 92 370 31 355 131 294 129 106 269 35 110 65 223 27 74 99 130 206 81 335 23 57 3 91 72 300 141 173 266 168 31 179 350 236 350 102 116 93 292 22 296 13 340 354 311 125 348 142 172 61 176 30 54 303 154 355 118 288 136 130 258 281 37 1 287 346 153 104 335 370 51 154 196 73 330 167 239 232 196 99 68 213 99 235 313 276 49 344 110 274 184
977788 317800 855536 772175 449298 935732 759896 547406 224778 739023 408250 525046 503615 694401 887955 265202 481515 486423 799997 313532 555090 723894 525092 546649 130653 581086 752629 259842 267480 438845 583424 976979 444366 973625 150628 134185 852747 203231 679601 543382 89699 929429 779717 675091 263951 913497 123698 17332 705893 148503 288340 614248 645446 182303 211187 17134 994920 40276 244088 530 130302 187399 138338 488053 280591 383014 332135 546283 664397 666562 655113 99543 928405 287044 877341 366464 607864 418283 668385 399485 848148 614650 971830 427490 109453 610467 174476 936929 31024 374882 844379 349359 519481 174439 363337 508921 409175 648537 765610 615715 334842 81449 519081 579807 446139 945283 236126 909747 301524 511942 657084 803293 358328 599348 838340 164795 700954 257143 84330 560583 879770 808771 991379 706613 187460 105750 86752 646189 244220 542567 712304 989483 140525 579809 706923 767181 354842 811533 384981 331741 96711 64427 28792 635367 175437 521422 194256 636431 977282 191029 930319 747983 101219 573587 306497 613380 239861 28663 943134 486100 996124 859789 433727 950969 847145 757117 151000 280821 767903 866233 599371 631304 899394 686377 924357 410510 530678 285059 980095 107460 772394 302676 826095 106428 221719 617691 913242 482892 75089 366287 69090 803050 654150 54671 613817 910170 121855 249829 2531 372705 413597 731683 102113 184712 783988 252399 115195 613932 20765 296992 499008 675421 39554 882369 434333 474454 280501 755580 111318 725418 869462 164043 171691 108043 219095 591731 979591 675526 421168 383132 304692 924677 336165 257446 789062 900263 189681 719653 402304 956663 208960 324087 354393 91065 581939 128446 30459 543277 919318 110635 431513 235180 660660 929878 513910 272179 91172 570082 384223 476476 536158 32642 528825 858630 888577 528078 22571 149882 345403 611274 30374 831023 420176 160565 680438 693808 482592 589268 373565 382202 760492 762186 911539 116514 669016 470167 185338 598906 460421 802516 340238 133127 697553 280080 315128 974227 946047 809070 475781 975406 526000 630226 8575 635036 355990 845524 999096 885258 511034 910535 545201 358018 289536 169828 107281 178338 331301 207797 773111 995137 78652 397328 776100 208734 984974 927919 810552 77808 607592 294387 24049 116246 315904 695379 440736 427599 424086 258186 701062 302955 292019 445652 784028 564367 788137 240456 899428 235425 687580 895242 981052 449846 324467 174027 36370 797591 581036 96756 16172 499986 818242 239647 855172 663521 882254 610695 124646 897647 525303 206273 601193 159032 937807 340522 458331
262
)()))()()(((())(((()())()())(((()))((()))))((()())()(()(()()))(())(())())))()))))))()()())()(()))))))(())()())))()((())())(((((())))((((())()))(()(((()((()()))(()(())))(()))()(())(()())()(((()()))())(()())(((())))(()))()()()()(())))()(()(())()()(()())())())())((
1 1 1 1 1 1 1 1 1 1 1 1 1 1 1 1 1 1 1 1 1 1 1 1 1 1 1 1 1 1 1 1 1 1 1 1 1 1 1 1 1 1 1 1 1 1 1 1 1 1 1 1 1 1 1 1 1 1 1 1 1 1 1 1 1 1 1 1 1 1 1 1 1 1 1 1 1 1 1 1 1 1 1 1 1 1 1 1 1 1 1 1 1 1 1 1 1 1 1 1 1 1 1 1 1 1 1 1 1 1 1 1 1 1 1 1 1 1 1 1 1 1 1 1 1 1 1 1 1 1 1 1 1 1 1 1 1 1 1 1 1 1 1 1 1 1 1 1 1 1 1 1 1 1 1 1 1 1 1 1 1 1 1 1 1 1 1 1 1 1 1 1 1 1 1 1 1 1 1 1 1 1 1 1 1 1 1 1 1 1 1 1 1 1 1 1 1 1 1 1 1 1 1 1 1 1 1 1 1 1 1 1 1 1 1 1 1 1 1 1 1 1 1 1 1 1 1 1 1 1 1 1 1 1 1 1 1 1 1 1 1 1 1 1 1 1 1 1 1 1 1 1 1 1 1 1 1 1 1 1 1 1
314584 239569 656389 415107 414996 155036 124687 258077 546615 953798 867235 945029 92908 804829 321620 347773 736601 647082 138944 336226 878949 613081 160600 726305 880286 926025 505060 693903 461472 440930 690294 376363 925802 483050 931321 553685 47517 517239 582467 600093 241476 183050 935517 95717 396075 460174 347325 897778 798915 450701 763626 599079 231204 340493 40718 682514 22437 991765 364943 300954 163181 724587 104027 688433 103445 786129 599900 123946 46389 344610 398828 317741 602806 502548 343523 420923 83556 658763 819350 779923 429290 192568 496428 614102 175745 281017 471235 83253 252827 333580 363057 526211 781988 251641 147462 789781 174159 993286 503211 123675 50788 405179 378293 583687 557755 611311 788574 591089 674620 890690 685188 811156 263657 588595 854599 171455 993381 129363 225077 601802 437104 553310 493585 324433 742958 4567 189820 9 803654 693764 185810 765983 110105 793854 327620 899041 564505 855827 723171 62862 174427 416842 398597 89 292472 757475 876725 360145 724053 930236 147934 383051 169934 474942 600040 923192 96082 445787 351943 463588 145246 716235 199489 306800 69986 985555 919824 617333 349725 887845 605700 61365 835476 105225 659164 165459 576989 632687 220328 89528 938178 972264 737524 826480 315895 38537 594487 253212 665284 853340 890869 21160 169780 705871 983683 936356 629715 652581 857554 142725 876933 392294 398374 951347 790705 124739 992549 837352 147095 446773 581808 33423 252510 775001 869197 200145 204285 871027 702935 324104 241385 111629 973382 493270 937416 263729 411523 221087 822727 372990 676354 529749 516153 624129 702813 734817 687802 600006 180580 164160 854812 649052 531804 324055 30711 799367 732384 144165 541799 638541 294322 619006 492958 3185 37208 248010 354632 569584 399736 457717 574130 443946
