20
3 2
14 159 26
4 3
1 1 1 2
5 4
1 2 3 4 5
2 1
999999999999999999 1
2 2
999999999999999999 1
3 1
1 999999999999999999 1
3 2
1 999999999999999999 1
5 1
1 2 4 8 16
5 2
1 2 4 8 16
1 1
1
1 1
50
1 1
1000000000000000000
50 37
31 8 35 2 13 1 27 31 1 44 35 45 47 41 18 48 11 39 44 19 47 38 33 6 12 46 34 38 13 24 33 12 29 9 45 27 45 7 26 1 34 45 19 15 20 49 21 48 42 39
50 11
12 34 11 26 22 6 34 45 38 49 44 6 16 26 43 22 4 8 28 36 44 49 28 6 42 12 31 21 47 18 18 46 38 15 32 32 45 16 5 32 6 27 34 9 28 33 11 44 6 43
50 39
14 37 28 46 17 46 12 13 46 43 28 45 45 23 16 26 35 12 17 30 11 13 26 39 45 37 34 17 40 21 45 22 18 47 9 5 6 21 15 4 48 25 1 12 19 17 33 7 43 3
1000 192
315 263 457 374 606 673 666 111 84 551 686 962 239 832 939 453 854 884 562 874 673 363 112 343 289 107 312 258 652 923 381 812 70 847 370 11 753 234 354 301 932 155 348 814 402 318 851 742 479 859 786 8 425 320 693 157 965 874 927 414 689 831 292 846 597 509 110 594 253 555 427 773 375 148 537 501 924 326 756 927 307 544 999 70 808 875 619 130 362 52 536 310 52 827 784 724 832 861 215 616 954 246 278 174 463 345 665 909 677 658 373 364 184 887 287 375 577 781 779 920 581 57 926 165 93 604 58 498 79 923 832 340 658 179 549 857 992 470 761 568 608 4 660 109 875 147 852 784 937 246 288 448 349 682 773 335 462 817 595 510 584 557 446 893 19 939 574 260 284 821 277 374 355 680 86 169 495 421 351 366 691 13 917 693 961 790 531 665 806 618 539 363 270 974 270 725 7 719 433 911 353 13 911 15 94 12 883 610 543 656 595 702 102 216 490 419 472 109 376 52 796 664 444 689 697 4 775 613 670 375 435 199 287 337 53 201 683 817 42 361 842 313 605 316 642 333 458 599 159 67 697 721 545 442 246 828 464 549 893 374 582 118 89 153 629 184 42 587 519 684 711 256 513 982 806 575 598 999 954 864 758 348 144 699 830 327 44 286 712 180 923 286 893 879 936 690 623 352 994 504 918 937 506 39 856 301 440 615 944 232 982 615 517 163 191 733 765 349 733 333 141 946 565 633 55 132 577 29 771 285 978 506 211 324 219 311 548 269 174 898 151 697 320 464 661 610 587 839 802 858 105 864 21 983 5 758 599 316 213 132 296 454 109 889 517 742 240 77 161 787 610 50 717 31 250 5 335 149 921 182 811 266 403 273 22 134 411 832 87 928 447 999 427 634 706 509 681 920 866 724 165 963 435 185 289 32 821 644 854 818 826 922 134 37 701 157 48 587 327 753 217 521 65 379 214 40 232 592 73 860 129 165 332 288 421 305 798 304 125 162 497 155 60 946 25 230 494 77 79 549 758 137 424 990 690 147 699 823 737 264 866 108 978 298 673 970 187 625 113 509 21 902 713 435 442 532 211 787 7 238 973 809 460 563 400 588 360 90 674 894 994 153 103 84 304 412 325 773 980 755 257 586 139 972 376 996 722 327 7 787 308 989 492 509 280 106 380 951 766 47 741 647 963 843 6 661 587 345 807 210 144 730 148 270 740 461 187 441 396 937 410 760 28 49 616 144 644 470 840 117 887 777 496 964 363 581 425 434 755 110 263 186 805 66 796 452 863 98 465 74 973 287 477 587 523 769 462 72 103 461 632 408 755 597 440 322 234 198 166 982 278 96 30 685 535 162 332 675 633 867 114 445 104 733 288 262 539 840 654 728 302 899 112 61 398 990 404 329 706 102 830 787 318 928 194 987 999 109 391 907 848 954 670 90 522 318 431 941 137 602 767 619 707 606 283 720 653 3 850 169 754 226 944 335 896 659 565 208 868 695 940 68 568 442 260 823 215 692 193 97 345 842 758 964 54 824 344 38 893 904 73 280 371 176 309 34 91 210 342 333 403 696 231 660 136 232 493 476 12 553 174 637 187 168 571 913 606 469 133 260 287 807 988 388 607 450 881 615 569 4 986 219 791 460 15 903 875 515 429 251 217 593 970 62 77 922 483 562 451 407 153 748 431 536 615 813 82 330 429 348 115 411 474 808 764 872 781 782 392 503 223 194 18 108 759 410 720 693 957 303 268 790 517 966 871 606 258 151 225 138 64 469 913 494 16 855 626 489 19 832 451 584 948 883 670 320 234 773 812 268 859 571 929 913 469 186 641 280 513 196 37 856 868 48 886 854 704 482 210 478 794 795 731 532 333 540 651 242 658 827 230 985 898 253 364 548 325 704 335 108 102 79 928 949 46 520 946 632 426 596 574 569 418 414 38 116 858 386 215 605 549 396 25 55 850 888 28 691 902 462 823 635 368 396 714 739 715 597 76 82 471 374 381 419 544 610 140 991 433 539 191 99 538 447 437 504 600 742 180 79 379 210 284 756 568 690 519 746 673 421 704 42 440 952 999 477 107 800 696 297 475 687 560 394 818 663 403 636 371 164 939 569 219 413 938 72 306 354 158 192 505 732 616 578 256 474 909 501 31 565 694 661 661 272 922 894 909 584 491 468 10 612 148 382 200 643 774 125 296 961 577 433 741 431 145 278 489 100 743 797 534 342 877 201 409 819 556 711 118 550 910 483 264 460 750 353 613 667 510 467
1000 111
680 212 629 907 863 729 672 519 770 725 162 513 60 357 585 738 958 27 961 296 283 928 496 676 346 3 166 667 704 767 669 27 193 417 265 179 986 944 210 667 246 894 485 340 716 853 748 615 447 601 801 126 188 892 92 461 879 411 55 449 70 695 954 805 614 251 945 11 190 170 913 135 987 898 113 512 793 775 94 136 206 111 992 751 536 383 469 868 960 467 663 76 396 548 8 65 909 862 422 510 862 998 977 995 996 622 70 995 183 961 627 683 692 556 964 885 882 253 753 201 752 48 230 963 453 21 181 5 773 619 268 894 863 388 695 981 437 412 125 978 972 772 258 630 532 115 326 235 632 625 483 776 657 348 76 982 196 510 752 804 665 390 584 455 497 948 71 399 125 728 409 898 108 413 628 329 373 915 609 944 494 394 436 630 537 226 82 172 747 505 69 38 287 633 340 761 711 686 952 788 924 403 801 398 237 755 290 607 8 752 996 757 23 981 735 840 987 82 113 440 676 581 278 475 371 972 882 249 304 223 490 876 308 280 976 915 270 456 793 396 35 832 695 151 505 26 363 806 685 185 407 897 353 268 92 48 781 969 355 498 95 110 347 787 348 760 938 647 858 791 133 195 941 798 991 347 964 400 369 649 34 966 372 821 922 18 629 545 625 471 23 928 728 244 399 638 795 402 892 181 977 636 440 127 53 482 416 715 418 254 576 73 482 587 87 521 175 493 527 373 741 199 173 965 559 150 944 686 107 421 543 930 42 436 902 174 22 86 77 438 529 584 862 984 413 968 206 470 202 411 781 838 253 819 369 263 700 917 35 637 716 316 424 687 471 476 930 602 365 613 599 66 995 90 834 767 156 799 140 993 970 193 523 632 87 60 388 31 288 693 23 93 203 739 697 61 582 116 129 483 853 671 114 867 357 295 180 859 356 132 710 346 889 293 617 959 579 619 378 359 703 470 738 462 549 542 40 101 509 630 250 281 581 268 95 793 600 223 986 941 15 870 695 336 711 814 589 276 988 252 555 310 318 255 103 588 871 470 196 614 640 64 18 903 938 357 908 121 612 247 192 65 19 461 780 968 419 879 79 197 819 911 593 270 425 757 546 151 886 73 922 364 746 495 29 681 587 775 203 845 706 936 107 280 242 264 29 958 26 898 536 941 342 778 321 752 751 42 881 429 475 909 472 912 865 180 866 917 607 802 292 587 671 166 310 415 569 275 50 955 982 650 814 351 453 326 835 633 887 95 803 875 716 372 362 268 643 652 487 53 957 553 831 86 162 573 182 63 271 502 174 482 36 931 858 624 946 934 694 746 956 399 346 909 94 847 975 15 773 452 374 977 696 241 624 443 991 79 285 783 431 900 384 117 694 94 525 201 623 784 446 824 354 677 92 680 904 863 371 225 423 44 183 498 918 626 653 1 205 323 772 6 993 41 992 959 2 846 442 439 372 326 697 967 976 129 981 617 696 240 30 447 374 467 304 684 148 242 608 829 557 74 351 571 374 996 746 363 860 549 164 52 921 986 735 991 927 76 902 206 124 969 163 73 137 482 978 899 50 413 517 847 33 744 877 501 284 709 498 573 768 77 396 257 984 485 346 109 945 626 806 356 726 117 119 34 571 204 259 182 125 539 318 472 618 151 770 379 833 915 865 154 844 346 921 722 594 534 612 762 189 900 801 872 472 601 459 747 33 846 47 653 174 564 424 118 653 717 389 9 919 977 799 519 753 861 36 683 837 241 845 93 573 939 597 778 665 8 154 458 435 41 360 772 381 914 423 156 72 879 804 787 647 981 619 597 906 496 854 188 330 934 98 852 522 914 22 896 338 640 566 98 356 451 762 199 869 266 97 333 22 384 393 56 907 43 535 12 839 169 587 187 52 544 535 387 717 129 681 351 794 331 407 513 473 751 435 101 878 38 711 144 12 919 297 819 249 548 539 907 292 731 911 995 278 315 42 165 5 734 780 695 623 361 823 653 733 680 208 779 318 833 338 913 501 266 132 852 844 361 340 343 132 271 975 642 918 707 928 677 291 627 153 434 450 914 785 94 261 146 995 743 64 898 158 868 572 755 599 300 188 583 108 572 386 250 659 45 109 429 899 585 829 978 290 821 846 469 418 250 50 427 363 455 12 574 784 592 815 383 330 126 908 900 940 96 689 928 179 561 880 90 482 663 263 445 770 225 464 406 436 130 815 607 967 120 220 202 14 266 324 75 699 671 130 681 635 416 730 482 615 333 692 224 676 798 349 262 780 371
50 10
513456986490769832 860365840542438967 739622663538751597 631936686173957517 357153625078220040 384314386664353650 985923013829181413 389795504167498262 783986615723912665 810793556037049088 674886340026209680 285227627159961607 907624635140524145 333871945962276296 611737967894988660 152539665109350155 958169428336171082 30587175065807332 853227283253034839 757334282336987311 883932772881382213 526714595868838075 678197221339803669 395186602621172742 649894542492136983 222493282092333997 493594786849366465 191931675595203981 793645612421856718 674165261428700996 632246463153433516 392686885241410012 671192344799917759 712362442316735431 384396050490380546 165077269115499001 214933794822375725 18998629197755493 71612397357653147 869601572137703161 705998793296452555 779896142245246526 894504541603682381 921314671324742379 284101145361357653 876739576372846194 214744127327602858 221874818129749894 966816076148427527 406171370096700058
1000 1000
1 1 1 1 1 1 1 1 1 1 1 1 1 1 1 1 1 1 1 1 1 1 1 1 1 1 1 1 1 1 1 1 1 1 1 1 1 1 1 1 1 1 1 1 1 1 1 1 1 1 1 1 1 1 1 1 1 1 1 1 1 1 1 1 1 1 1 1 1 1 1 1 1 1 1 1 1 1 1 1 1 1 1 1 1 1 1 1 1 1 1 1 1 1 1 1 1 1 1 1 1 1 1 1 1 1 1 1 1 1 1 1 1 1 1 1 1 1 1 1 1 1 1 1 1 1 1 1 1 1 1 1 1 1 1 1 1 1 1 1 1 1 1 1 1 1 1 1 1 1 1 1 1 1 1 1 1 1 1 1 1 1 1 1 1 1 1 1 1 1 1 1 1 1 1 1 1 1 1 1 1 1 1 1 1 1 1 1 1 1 1 1 1 1 1 1 1 1 1 1 1 1 1 1 1 1 1 1 1 1 1 1 1 1 1 1 1 1 1 1 1 1 1 1 1 1 1 1 1 1 1 1 1 1 1 1 1 1 1 1 1 1 1 1 1 1 1 1 1 1 1 1 1 1 1 1 1 1 1 1 1 1 1 1 1 1 1 1 1 1 1 1 1 1 1 1 1 1 1 1 1 1 1 1 1 1 1 1 1 1 1 1 1 1 1 1 1 1 1 1 1 1 1 1 1 1 1 1 1 1 1 1 1 1 1 1 1 1 1 1 1 1 1 1 1 1 1 1 1 1 1 1 1 1 1 1 1 1 1 1 1 1 1 1 1 1 1 1 1 1 1 1 1 1 1 1 1 1 1 1 1 1 1 1 1 1 1 1 1 1 1 1 1 1 1 1 1 1 1 1 1 1 1 1 1 1 1 1 1 1 1 1 1 1 1 1 1 1 1 1 1 1 1 1 1 1 1 1 1 1 1 1 1 1 1 1 1 1 1 1 1 1 1 1 1 1 1 1 1 1 1 1 1 1 1 1 1 1 1 1 1 1 1 1 1 1 1 1 1 1 1 1 1 1 1 1 1 1 1 1 1 1 1 1 1 1 1 1 1 1 1 1 1 1 1 1 1 1 1 1 1 1 1 1 1 1 1 1 1 1 1 1 1 1 1 1 1 1 1 1 1 1 1 1 1 1 1 1 1 1 1 1 1 1 1 1 1 1 1 1 1 1 1 1 1 1 1 1 1 1 1 1 1 1 1 1 1 1 1 1 1 1 1 1 1 1 1 1 1 1 1 1 1 1 1 1 1 1 1 1 1 1 1 1 1 1 1 1 1 1 1 1 1 1 1 1 1 1 1 1 1 1 1 1 1 1 1 1 1 1 1 1 1 1 1 1 1 1 1 1 1 1 1 1 1 1 1 1 1 1 1 1 1 1 1 1 1 1 1 1 1 1 1 1 1 1 1 1 1 1 1 1 1 1 1 1 1 1 1 1 1 1 1 1 1 1 1 1 1 1 1 1 1 1 1 1 1 1 1 1 1 1 1 1 1 1 1 1 1 1 1 1 1 1 1 1 1 1 1 1 1 1 1 1 1 1 1 1 1 1 1 1 1 1 1 1 1 1 1 1 1 1 1 1 1 1 1 1 1 1 1 1 1 1 1 1 1 1 1 1 1 1 1 1 1 1 1 1 1 1 1 1 1 1 1 1 1 1 1 1 1 1 1 1 1 1 1 1 1 1 1 1 1 1 1 1 1 1 1 1 1 1 1 1 1 1 1 1 1 1 1 1 1 1 1 1 1 1 1 1 1 1 1 1 1 1 1 1 1 1 1 1 1 1 1 1 1 1 1 1 1 1 1 1 1 1 1 1 1 1 1 1 1 1 1 1 1 1 1 1 1 1 1 1 1 1 1 1 1 1 1 1 1 1 1 1 1 1 1 1 1 1 1 1 1 1 1 1 1 1 1 1 1 1 1 1 1 1 1 1 1 1 1 1 1 1 1 1 1 1 1 1 1 1 1 1 1 1 1 1 1 1 1 1 1 1 1 1 1 1 1 1 1 1 1 1 1 1 1 1 1 1 1 1 1 1 1 1 1 1 1 1 1 1 1 1 1 1 1 1 1 1 1 1 1 1 1 1 1 1 1 1 1 1 1 1 1 1 1 1 1 1 1 1 1 1 1 1 1 1 1 1 1 1 1 1 1 1 1 1 1 1 1 1 1 1 1 1 1 1 1 1 1 1 1 1 1 1 1 1 1 1 1 1 1 1 1 1 1 1 1 1 1 1 1 1 1 1 1 1
1000 1000
1000000000000000000 1000000000000000000 1000000000000000000 1000000000000000000 1000000000000000000 1000000000000000000 1000000000000000000 1000000000000000000 1000000000000000000 1000000000000000000 1000000000000000000 1000000000000000000 1000000000000000000 1000000000000000000 1000000000000000000 1000000000000000000 1000000000000000000 1000000000000000000 1000000000000000000 1000000000000000000 1000000000000000000 1000000000000000000 1000000000000000000 1000000000000000000 1000000000000000000 1000000000000000000 1000000000000000000 1000000000000000000 1000000000000000000 1000000000000000000 1000000000000000000 1000000000000000000 1000000000000000000 1000000000000000000 1000000000000000000 1000000000000000000 1000000000000000000 1000000000000000000 1000000000000000000 1000000000000000000 1000000000000000000 1000000000000000000 1000000000000000000 1000000000000000000 1000000000000000000 1000000000000000000 1000000000000000000 1000000000000000000 1000000000000000000 1000000000000000000 1000000000000000000 1000000000000000000 1000000000000000000 1000000000000000000 1000000000000000000 1000000000000000000 1000000000000000000 1000000000000000000 1000000000000000000 1000000000000000000 1000000000000000000 1000000000000000000 1000000000000000000 1000000000000000000 1000000000000000000 1000000000000000000 1000000000000000000 1000000000000000000 1000000000000000000 1000000000000000000 1000000000000000000 1000000000000000000 1000000000000000000 1000000000000000000 1000000000000000000 1000000000000000000 1000000000000000000 1000000000000000000 1000000000000000000 1000000000000000000 1000000000000000000 1000000000000000000 1000000000000000000 1000000000000000000 1000000000000000000 1000000000000000000 1000000000000000000 1000000000000000000 1000000000000000000 1000000000000000000 1000000000000000000 1000000000000000000 1000000000000000000 1000000000000000000 1000000000000000000 1000000000000000000 1000000000000000000 1000000000000000000 1000000000000000000 1000000000000000000 1000000000000000000 1000000000000000000 1000000000000000000 1000000000000000000 1000000000000000000 1000000000000000000 1000000000000000000 1000000000000000000 1000000000000000000 1000000000000000000 1000000000000000000 1000000000000000000 1000000000000000000 1000000000000000000 1000000000000000000 1000000000000000000 1000000000000000000 1000000000000000000 1000000000000000000 1000000000000000000 1000000000000000000 1000000000000000000 1000000000000000000 1000000000000000000 1000000000000000000 1000000000000000000 1000000000000000000 1000000000000000000 1000000000000000000 1000000000000000000 1000000000000000000 1000000000000000000 1000000000000000000 1000000000000000000 1000000000000000000 1000000000000000000 1000000000000000000 1000000000000000000 1000000000000000000 1000000000000000000 1000000000000000000 1000000000000000000 1000000000000000000 1000000000000000000 1000000000000000000 1000000000000000000 1000000000000000000 1000000000000000000 1000000000000000000 1000000000000000000 1000000000000000000 1000000000000000000 1000000000000000000 1000000000000000000 1000000000000000000 1000000000000000000 1000000000000000000 1000000000000000000 1000000000000000000 1000000000000000000 1000000000000000000 1000000000000000000 1000000000000000000 1000000000000000000 1000000000000000000 1000000000000000000 1000000000000000000 1000000000000000000 1000000000000000000 1000000000000000000 1000000000000000000 1000000000000000000 1000000000000000000 1000000000000000000 1000000000000000000 1000000000000000000 1000000000000000000 1000000000000000000 1000000000000000000 1000000000000000000 1000000000000000000 1000000000000000000 1000000000000000000 1000000000000000000 1000000000000000000 1000000000000000000 1000000000000000000 1000000000000000000 1000000000000000000 1000000000000000000 1000000000000000000 1000000000000000000 1000000000000000000 1000000000000000000 1000000000000000000 1000000000000000000 1000000000000000000 1000000000000000000 1000000000000000000 1000000000000000000 1000000000000000000 1000000000000000000 1000000000000000000 1000000000000000000 1000000000000000000 1000000000000000000 1000000000000000000 1000000000000000000 1000000000000000000 1000000000000000000 1000000000000000000 1000000000000000000 1000000000000000000 1000000000000000000 1000000000000000000 1000000000000000000 1000000000000000000 1000000000000000000 1000000000000000000 1000000000000000000 1000000000000000000 1000000000000000000 1000000000000000000 1000000000000000000 1000000000000000000 1000000000000000000 1000000000000000000 1000000000000000000 1000000000000000000 1000000000000000000 1000000000000000000 1000000000000000000 1000000000000000000 1000000000000000000 1000000000000000000 1000000000000000000 1000000000000000000 1000000000000000000 1000000000000000000 1000000000000000000 1000000000000000000 1000000000000000000 1000000000000000000 1000000000000000000 1000000000000000000 1000000000000000000 1000000000000000000 1000000000000000000 1000000000000000000 1000000000000000000 1000000000000000000 1000000000000000000 1000000000000000000 1000000000000000000 1000000000000000000 1000000000000000000 1000000000000000000 1000000000000000000 1000000000000000000 1000000000000000000 1000000000000000000 1000000000000000000 1000000000000000000 1000000000000000000 1000000000000000000 1000000000000000000 1000000000000000000 1000000000000000000 1000000000000000000 1000000000000000000 1000000000000000000 1000000000000000000 1000000000000000000 1000000000000000000 1000000000000000000 1000000000000000000 1000000000000000000 1000000000000000000 1000000000000000000 1000000000000000000 1000000000000000000 1000000000000000000 1000000000000000000 1000000000000000000 1000000000000000000 1000000000000000000 1000000000000000000 1000000000000000000 1000000000000000000 1000000000000000000 1000000000000000000 1000000000000000000 1000000000000000000 1000000000000000000 1000000000000000000 1000000000000000000 1000000000000000000 1000000000000000000 1000000000000000000 1000000000000000000 1000000000000000000 1000000000000000000 1000000000000000000 1000000000000000000 1000000000000000000 1000000000000000000 1000000000000000000 1000000000000000000 1000000000000000000 1000000000000000000 1000000000000000000 1000000000000000000 1000000000000000000 1000000000000000000 1000000000000000000 1000000000000000000 1000000000000000000 1000000000000000000 1000000000000000000 1000000000000000000 1000000000000000000 1000000000000000000 1000000000000000000 1000000000000000000 1000000000000000000 1000000000000000000 1000000000000000000 1000000000000000000 1000000000000000000 1000000000000000000 1000000000000000000 1000000000000000000 1000000000000000000 1000000000000000000 1000000000000000000 1000000000000000000 1000000000000000000 1000000000000000000 1000000000000000000 1000000000000000000 1000000000000000000 1000000000000000000 1000000000000000000 1000000000000000000 1000000000000000000 1000000000000000000 1000000000000000000 1000000000000000000 1000000000000000000 1000000000000000000 1000000000000000000 1000000000000000000 1000000000000000000 1000000000000000000 1000000000000000000 1000000000000000000 1000000000000000000 1000000000000000000 1000000000000000000 1000000000000000000 1000000000000000000 1000000000000000000 1000000000000000000 1000000000000000000 1000000000000000000 1000000000000000000 1000000000000000000 1000000000000000000 1000000000000000000 1000000000000000000 1000000000000000000 1000000000000000000 1000000000000000000 1000000000000000000 1000000000000000000 1000000000000000000 1000000000000000000 1000000000000000000 1000000000000000000 1000000000000000000 1000000000000000000 1000000000000000000 1000000000000000000 1000000000000000000 1000000000000000000 1000000000000000000 1000000000000000000 1000000000000000000 1000000000000000000 1000000000000000000 1000000000000000000 1000000000000000000 1000000000000000000 1000000000000000000 1000000000000000000 1000000000000000000 1000000000000000000 1000000000000000000 1000000000000000000 1000000000000000000 1000000000000000000 1000000000000000000 1000000000000000000 1000000000000000000 1000000000000000000 1000000000000000000 1000000000000000000 1000000000000000000 1000000000000000000 1000000000000000000 1000000000000000000 1000000000000000000 1000000000000000000 1000000000000000000 1000000000000000000 1000000000000000000 1000000000000000000 1000000000000000000 1000000000000000000 1000000000000000000 1000000000000000000 1000000000000000000 1000000000000000000 1000000000000000000 1000000000000000000 1000000000000000000 1000000000000000000 1000000000000000000 1000000000000000000 1000000000000000000 1000000000000000000 1000000000000000000 1000000000000000000 1000000000000000000 1000000000000000000 1000000000000000000 1000000000000000000 1000000000000000000 1000000000000000000 1000000000000000000 1000000000000000000 1000000000000000000 1000000000000000000 1000000000000000000 1000000000000000000 1000000000000000000 1000000000000000000 1000000000000000000 1000000000000000000 1000000000000000000 1000000000000000000 1000000000000000000 1000000000000000000 1000000000000000000 1000000000000000000 1000000000000000000 1000000000000000000 1000000000000000000 1000000000000000000 1000000000000000000 1000000000000000000 1000000000000000000 1000000000000000000 1000000000000000000 1000000000000000000 1000000000000000000 1000000000000000000 1000000000000000000 1000000000000000000 1000000000000000000 1000000000000000000 1000000000000000000 1000000000000000000 1000000000000000000 1000000000000000000 1000000000000000000 1000000000000000000 1000000000000000000 1000000000000000000 1000000000000000000 1000000000000000000 1000000000000000000 1000000000000000000 1000000000000000000 1000000000000000000 1000000000000000000 1000000000000000000 1000000000000000000 1000000000000000000 1000000000000000000 1000000000000000000 1000000000000000000 1000000000000000000 1000000000000000000 1000000000000000000 1000000000000000000 1000000000000000000 1000000000000000000 1000000000000000000 1000000000000000000 1000000000000000000 1000000000000000000 1000000000000000000 1000000000000000000 1000000000000000000 1000000000000000000 1000000000000000000 1000000000000000000 1000000000000000000 1000000000000000000 1000000000000000000 1000000000000000000 1000000000000000000 1000000000000000000 1000000000000000000 1000000000000000000 1000000000000000000 1000000000000000000 1000000000000000000 1000000000000000000 1000000000000000000 1000000000000000000 1000000000000000000 1000000000000000000 1000000000000000000 1000000000000000000 1000000000000000000 1000000000000000000 1000000000000000000 1000000000000000000 1000000000000000000 1000000000000000000 1000000000000000000 1000000000000000000 1000000000000000000 1000000000000000000 1000000000000000000 1000000000000000000 1000000000000000000 1000000000000000000 1000000000000000000 1000000000000000000 1000000000000000000 1000000000000000000 1000000000000000000 1000000000000000000 1000000000000000000 1000000000000000000 1000000000000000000 1000000000000000000 1000000000000000000 1000000000000000000 1000000000000000000 1000000000000000000 1000000000000000000 1000000000000000000 1000000000000000000 1000000000000000000 1000000000000000000 1000000000000000000 1000000000000000000 1000000000000000000 1000000000000000000 1000000000000000000 1000000000000000000 1000000000000000000 1000000000000000000 1000000000000000000 1000000000000000000 1000000000000000000 1000000000000000000 1000000000000000000 1000000000000000000 1000000000000000000 1000000000000000000 1000000000000000000 1000000000000000000 1000000000000000000 1000000000000000000 1000000000000000000 1000000000000000000 1000000000000000000 1000000000000000000 1000000000000000000 1000000000000000000 1000000000000000000 1000000000000000000 1000000000000000000 1000000000000000000 1000000000000000000 1000000000000000000 1000000000000000000 1000000000000000000 1000000000000000000 1000000000000000000 1000000000000000000 1000000000000000000 1000000000000000000 1000000000000000000 1000000000000000000 1000000000000000000 1000000000000000000 1000000000000000000 1000000000000000000 1000000000000000000 1000000000000000000 1000000000000000000 1000000000000000000 1000000000000000000 1000000000000000000 1000000000000000000 1000000000000000000 1000000000000000000 1000000000000000000 1000000000000000000 1000000000000000000 1000000000000000000 1000000000000000000 1000000000000000000 1000000000000000000 1000000000000000000 1000000000000000000 1000000000000000000 1000000000000000000 1000000000000000000 1000000000000000000 1000000000000000000 1000000000000000000 1000000000000000000 1000000000000000000 1000000000000000000 1000000000000000000 1000000000000000000 1000000000000000000 1000000000000000000 1000000000000000000 1000000000000000000 1000000000000000000 1000000000000000000 1000000000000000000 1000000000000000000 1000000000000000000 1000000000000000000 1000000000000000000 1000000000000000000 1000000000000000000 1000000000000000000 1000000000000000000 1000000000000000000 1000000000000000000 1000000000000000000 1000000000000000000 1000000000000000000 1000000000000000000 1000000000000000000 1000000000000000000 1000000000000000000 1000000000000000000 1000000000000000000 1000000000000000000 1000000000000000000 1000000000000000000 1000000000000000000 1000000000000000000 1000000000000000000 1000000000000000000 1000000000000000000 1000000000000000000 1000000000000000000 1000000000000000000 1000000000000000000 1000000000000000000 1000000000000000000 1000000000000000000 1000000000000000000 1000000000000000000 1000000000000000000 1000000000000000000 1000000000000000000 1000000000000000000 1000000000000000000 1000000000000000000 1000000000000000000 1000000000000000000 1000000000000000000 1000000000000000000 1000000000000000000 1000000000000000000 1000000000000000000 1000000000000000000 1000000000000000000 1000000000000000000 1000000000000000000 1000000000000000000 1000000000000000000 1000000000000000000 1000000000000000000 1000000000000000000 1000000000000000000 1000000000000000000 1000000000000000000 1000000000000000000 1000000000000000000 1000000000000000000 1000000000000000000 1000000000000000000 1000000000000000000 1000000000000000000 1000000000000000000 1000000000000000000 1000000000000000000 1000000000000000000 1000000000000000000 1000000000000000000 1000000000000000000 1000000000000000000 1000000000000000000 1000000000000000000 1000000000000000000 1000000000000000000 1000000000000000000 1000000000000000000 1000000000000000000 1000000000000000000 1000000000000000000 1000000000000000000 1000000000000000000 1000000000000000000 1000000000000000000 1000000000000000000 1000000000000000000 1000000000000000000 1000000000000000000 1000000000000000000 1000000000000000000 1000000000000000000 1000000000000000000 1000000000000000000 1000000000000000000 1000000000000000000 1000000000000000000 1000000000000000000 1000000000000000000 1000000000000000000 1000000000000000000 1000000000000000000 1000000000000000000 1000000000000000000 1000000000000000000 1000000000000000000 1000000000000000000 1000000000000000000 1000000000000000000 1000000000000000000 1000000000000000000 1000000000000000000 1000000000000000000 1000000000000000000 1000000000000000000 1000000000000000000 1000000000000000000 1000000000000000000 1000000000000000000 1000000000000000000 1000000000000000000 1000000000000000000 1000000000000000000 1000000000000000000 1000000000000000000 1000000000000000000 1000000000000000000 1000000000000000000 1000000000000000000 1000000000000000000 1000000000000000000 1000000000000000000 1000000000000000000 1000000000000000000 1000000000000000000 1000000000000000000 1000000000000000000 1000000000000000000 1000000000000000000 1000000000000000000 1000000000000000000 1000000000000000000 1000000000000000000 1000000000000000000 1000000000000000000 1000000000000000000 1000000000000000000 1000000000000000000 1000000000000000000 1000000000000000000 1000000000000000000 1000000000000000000 1000000000000000000 1000000000000000000 1000000000000000000 1000000000000000000 1000000000000000000 1000000000000000000 1000000000000000000 1000000000000000000 1000000000000000000 1000000000000000000 1000000000000000000 1000000000000000000 1000000000000000000 1000000000000000000 1000000000000000000 1000000000000000000 1000000000000000000 1000000000000000000 1000000000000000000 1000000000000000000 1000000000000000000 1000000000000000000 1000000000000000000 1000000000000000000 1000000000000000000 1000000000000000000 1000000000000000000 1000000000000000000 1000000000000000000 1000000000000000000 1000000000000000000 1000000000000000000 1000000000000000000 1000000000000000000 1000000000000000000 1000000000000000000 1000000000000000000 1000000000000000000 1000000000000000000 1000000000000000000 1000000000000000000 1000000000000000000 1000000000000000000 1000000000000000000 1000000000000000000 1000000000000000000 1000000000000000000 1000000000000000000 1000000000000000000 1000000000000000000 1000000000000000000 1000000000000000000 1000000000000000000 1000000000000000000 1000000000000000000 1000000000000000000 1000000000000000000 1000000000000000000 1000000000000000000 1000000000000000000 1000000000000000000 1000000000000000000 1000000000000000000 1000000000000000000 1000000000000000000 1000000000000000000 1000000000000000000 1000000000000000000 1000000000000000000 1000000000000000000 1000000000000000000 1000000000000000000 1000000000000000000 1000000000000000000 1000000000000000000 1000000000000000000 1000000000000000000 1000000000000000000 1000000000000000000 1000000000000000000 1000000000000000000 1000000000000000000 1000000000000000000 1000000000000000000 1000000000000000000 1000000000000000000 1000000000000000000 1000000000000000000 1000000000000000000 1000000000000000000 1000000000000000000 1000000000000000000 1000000000000000000 1000000000000000000 1000000000000000000 1000000000000000000 1000000000000000000 1000000000000000000 1000000000000000000 1000000000000000000 1000000000000000000 1000000000000000000 1000000000000000000 1000000000000000000 1000000000000000000 1000000000000000000 1000000000000000000 1000000000000000000 1000000000000000000 1000000000000000000 1000000000000000000 1000000000000000000 1000000000000000000 1000000000000000000 1000000000000000000 1000000000000000000 1000000000000000000 1000000000000000000 1000000000000000000 1000000000000000000 1000000000000000000 1000000000000000000 1000000000000000000 1000000000000000000 1000000000000000000 1000000000000000000 1000000000000000000 1000000000000000000 1000000000000000000 1000000000000000000 1000000000000000000 1000000000000000000 1000000000000000000 1000000000000000000 1000000000000000000 1000000000000000000 1000000000000000000 1000000000000000000 1000000000000000000 1000000000000000000 1000000000000000000 1000000000000000000 1000000000000000000 1000000000000000000 1000000000000000000 1000000000000000000 1000000000000000000 1000000000000000000 1000000000000000000 1000000000000000000 1000000000000000000 1000000000000000000 1000000000000000000 1000000000000000000 1000000000000000000 1000000000000000000 1000000000000000000 1000000000000000000 1000000000000000000 1000000000000000000 1000000000000000000 1000000000000000000 1000000000000000000 1000000000000000000 1000000000000000000 1000000000000000000 1000000000000000000 1000000000000000000 1000000000000000000 1000000000000000000 1000000000000000000 1000000000000000000 1000000000000000000 1000000000000000000 1000000000000000000 1000000000000000000 1000000000000000000 1000000000000000000 1000000000000000000 1000000000000000000 1000000000000000000 1000000000000000000 1000000000000000000 1000000000000000000 1000000000000000000 1000000000000000000 1000000000000000000 1000000000000000000 1000000000000000000 1000000000000000000 1000000000000000000 1000000000000000000 1000000000000000000 1000000000000000000 1000000000000000000 1000000000000000000 1000000000000000000 1000000000000000000 1000000000000000000 1000000000000000000 1000000000000000000 1000000000000000000 1000000000000000000 1000000000000000000
